10509977919856900537 16433046094319470758 17033659306200788273 2230559180113245331 
10074154200991445078 1558341576303418605 15254117895133131981 3369241379489352390 
9622670992435185709 8097163890315484928 11004342687488072238 2275490359633554594 
8044828545105714749 7785690119334390048 13922365761694016729 1181386486537232134 
5097090207091166086 13017851237052447741 11492150984695750239 3391579048682541602 
15225373619065163864 3760115554408454215 1258235910374347840 1006517865487671731 
3220930256285286429 8778033243824300521 234173854733979593 2612293263255991615 
16700839070990735046 5967847495287656177 18190289721203833543 1401657844091235477 
16380921659405890145 11784725148281029889 11046277584960241926 2280638348447923398 
4907314011988018584 278200403808458796 9846481068104187450 2476428351391255031 
16639615511435071539 5649939758260258548 16579828668143724153 1909940661643630881 
11061250287579121907 18038655083859840167 15365845526816744271 2467425611793133847 
10222618350323237959 1414275578068803520 16108135111686809984 2152917492057546689 
15756324118309000980 11526797411908338079 9133375366032229888 487977798878455543 
7227851136727556927 13320121785973099213 6401856315792416775 1859418248800634726 
6039145828833272654 9885282805679257658 6870302917945248811 1727248893449121295 
16790776463879593290 9889225960418672640 17178958630275906209 187284575247353294 
11939160310557653936 3032420932339713568 327269026103002345 270324439966439980 
8796323923550950751 2898081819570856574 7442758726522917353 1808226759566132225 
10330206363470564457 3246848472870151507 7761230061049614175 1887392034707837293 
1705738390913289104 597091356364797779 11624765927618099084 1571943638118864477 
1439125401477777383 18342006077495486962 15879291709308387876 2599231532495964733 
15300214961571182434 14136966825560934423 570628458446425277 166409638773313531 
6820772817215783908 6351117310660862284 9530284056057750340 1483291931432571478 
12436745978612201614 1078741574697644872 12598463175386414151 55045534884802880 
11321436257135256764 13310641535404574031 9194764179698838095 2338217305358835788 
17515435875148978833 5515017170182259757 11630852227752042463 1300586703926737621 
369825135034472898 4981586883432358186 2129069107112501464 2278791977405265170 
8466582582718799672 17064902065608657084 6136554762472835082 3014477484563693133 
12338384702112010578 13343140356884551779 2019775570306613132 2888288561533328081 
15202777028168799782 18301242693826200708 1825134764590453743 2710047581318500818 
12636357931694649410 17532660999050918252 10803968811556142670 2522120153762376822 
