13395796100699342309 2599908547513181479 14320530426881544903 2039751706001416643 
15207341951985766794 11905762170574505199 14226228488200855178 1183404510616141037 
17984096785022960285 13001412207660255656 7323992383893213909 269482023464674536 
6248171893473768843 16516441616362752787 7968283711087106098 1251896877799352485 
359312419432891921 8091272146922405907 3897651416035897267 2943400707238502519 
6718368774698651555 16537190176364926772 15758530054273211868 1093011993431167897 
12343709033115269224 5307531566586058984 12695440118952596938 783219564411940433 
10745679187392122003 17657604214039647686 9144267455754045845 3241811160335274492 
7202217841262533957 11875327511049683064 17458018781732788689 679080142727447622 
16603249210394942125 16298216231858995446 13753042442890503455 1392817832868149124 
5279613005397576791 11650488724428107503 2555776357469065882 601640413942373083 
9553436431744149608 8921475856787338238 8020848202882485282 1875853291263832864 
664323079592817692 17086888495823571314 6825302566976861536 775173036966131676 
11177271794758765549 16024342335541768906 13580600002777034873 3183174256100248507 
4427548563506506979 5634916656319328248 15116199944890515161 2319758300729335109 
7435237690509145754 676650120839803761 13236361179450128001 999825129005834096 
5862981807232027877 9958262072347716404 16324692195337331945 683866807578720947 
5626146567839005029 6643445572576520831 15666156099433705141 2613677094415445433 
12136050035145603971 935346699210389314 232671694142650458 382818646020452314 
12640898903153325510 2914273894061388459 7690919905654888368 712542645305396026 
5535263010921073178 18144490396131221276 13986398174307335509 2049402977565963810 
12012517333777657557 5188261491024508501 1382513916159770297 3195671837710138897 
11865513754758686056 1790019784503245807 3168153458650089276 1015171448759712055 
4970578163167998708 3017234191942805286 16637151818302222430 19460449028155247 
6029690868488134177 55801271372264956 13782792313178518193 1288615974765197966 
8620449248600709578 7310928485527030525 12571102652777406430 137563522367493879 
10688528693647665070 18092171710855925625 5325947959415347042 1631591637925596540 
11896115881175920814 13487970230462218727 9472823139823058750 1322074454627776985 
17629435395883773529 17225151432163596760 5014718066362728415 2195951562836255674 
3619050289117031842 2476578315958940405 17547272605678783173 518288297041239578 
3179364188509971150 11153017124239586910 4735001815550497682 347567684931729585 
14084487436177207370 6059584922489321605 7615414917431680304 1327763271177997594 
