12436184717236109307 3962172157175319849 7381016538464732718 1011752739694698287 
17633419364494446339 7501640028906350796 10152728670129313642 1620215397350784254 
2455860039615204452 2952429719635721714 16534267467014174157 3135063178989759747 
17919060829948181567 3269832130201093566 15669990316177631735 2612225116521290153 
15729048970298621756 15867184608950966805 13283400397411232353 1567824961328452023 
9242130958970674064 10026772644018233507 5316181862688398329 3186809788397691301 
14101198725145197880 11815803593598298099 11464074673340743383 2191924530018044187 
9184314736506630027 6863229837856182560 10210050104002964590 3114093135882422479 
3650463901934716300 15744572375117784417 5647763844872338089 2191954361432634947 
14060817978522171315 8734766161782629958 2486671029423114111 325888750985280544 
18380208100338529325 5983081862089258477 14729240973347405984 2776086664803535437 
1286386505536594278 12711887833485914517 8850204210577766948 2142360008345816786 
3097184900693878877 11687638825302017961 10326815409635663220 1934247898514312261 
1419282647266183667 12062705753383320026 7560001171072183585 2704759479595499211 
6171556591450553134 9925620138169351236 11134826103984581908 1476762901324048897 
10902020042510041094 17381486299841078119 5900175412809962030 2475245527108272378 
1992577315667718221 2470530010369523047 17045294503540298643 24209468023153562 
5704785395251704062 13842018428110047172 3128463281145381106 1866782869452186411 
2435600646421394333 18391228737380676255 15193668557970072207 351935087813210917 
5419143929797968834 18073826326815304402 16057945708806614629 874773150281680511 
7609155789447528645 5476473848065431163 18444535627573014011 1919173305474518641 
9237006034600952521 9527854863418099869 1817117277933951365 1295073736784926478 
14096073800775476337 11316885812998164461 7965010088586296419 300188478405279364 
1240996784101882485 5599086081898613552 7633428106402356659 1295043905370335718 
14153890023239520374 14480428619160215408 3071141847271730158 372905130920548186 
4957996659407621076 15360576594927139491 16998695051636840380 710911601999435227 
9277386781223979086 12608892295233768010 10794520921851580637 3161109515817690121 
1794275785342719908 9656019631714380008 2954376541639031528 1552750368288658404 
3605074180500004507 8631770623530483452 4430987740696927800 1344638258457153879 
17166648168295597267 11418038318847046732 2146365847290112840 2010235365478921768 
3472178038770415118 9280952703633077943 5721190780202511163 782238787207471454 
2898883370368880564 426384372937323306 14682641521443947722 3462788798779817102 
